Webots Project File version R2023b
perspectives: 000000ff00000000fd000000020000000100000276000002dafc0200000001fb0000001400540065007800740045006400690074006f00720100000000000002da0000008b00ffffff00000003000006c0000000d9fc0100000001fb0000001a0043006f006e0073006f006c00650041006c006c0041006c006c0100000000000006c00000008700ffffff00000448000002da00000001000000020000000100000008fc00000000
simulationViewPerspectives: 000000ff0000000100000002000001140000048e0100000002010000000101
sceneTreePerspectives: 000000ff00000001000000030000001e000000c00000013f0100000002010000000201
minimizedPerspectives: 000000ff00000000fd0000000300000000000001ca0000039ffc0200000001fb00000012005300630065006e0065005400720065006501000000000000039f0000000000000000000000010000023a000002d9fc0200000001fb0000001400540065007800740045006400690074006f00720100000000000002d90000008b00ffffff00000003000006c0000000dafc0100000002fb0000000e0043006f006e0073006f006c006501000001d0000005b00000000000000000fb0000001a0043006f006e0073006f006c00650041006c006c0041006c006c0100000000000006c00000008700ffffff00000484000002d900000004000000040000000100000008fc00000000
maximizedDockId: -1
centralWidgetVisible: 1
renderingMode: PLAIN
orthographicViewHeight: 1
textFiles: 0 "controllers/tello_controller/tello_controller.py" "controllers/discretized_tello_controller/discretized_tello_controller.py"
consoles: Console:All:All
renderingDevicePerspectives: Mavic 2 PRO:camera;1;0.938571;0.508557;0.0164179
